-0.671360 -0.031975
-0.719041 0.966871
-0.766674 1.965755
-0.814355 2.964602
-0.861987 3.963486
-0.909668 4.962332
-0.957301 5.961216
-1.004982 6.960063
-1.052625 7.958861
-1.100221 8.957697
-1.147901 9.956543
-1.195534 10.955427
-1.243215 11.954274
-1.290848 12.953157
-1.338529 13.952004
-1.386161 14.950889
-1.433842 15.949735
-1.481475 16.948620
-1.529156 17.947466
-1.576788 18.946350
-1.624469 19.945196
-1.672102 20.944080
-1.719783 21.942926
-1.767415 22.941811
-1.815096 23.940657
-1.862729 24.939541
-1.910410 25.938387
-1.958080 26.937321
-2.005761 27.936167
-2.053393 28.935051
-2.101074 29.933897
-2.148707 30.932781
-2.196388 31.931627
-2.244020 32.930511
-2.291701 33.929359
-2.339334 34.928242
-2.387015 35.927090
-2.434648 36.925972
-2.482328 37.924820
-2.529961 38.923702
-2.577642 39.922550
-2.625274 40.921432
-2.672956 41.920280
-2.720636 42.919128
-2.768269 43.918011
-2.815950 44.916859
-2.863583 45.915741
-2.911263 46.914589
-2.958896 47.913471
-3.006577 48.912319
-3.054209 49.911201
-3.101891 50.910049
-3.149523 51.908932
-3.197204 52.907780
-3.244837 53.906662
-3.292518 54.905510
-3.340150 55.904392
-3.387831 56.903240
-3.435464 57.902122
-3.483145 58.900970
-3.530777 59.899853
-3.578458 60.898701
-3.626054 61.897537
-3.673734 62.896385
-3.721367 63.895267
-3.769048 64.894112
-3.816680 65.892998
-3.864362 66.891846
-3.911994 67.890732
-3.959675 68.889572
-4.007308 69.888458
-4.054988 70.887306
-4.102621 71.886192
-4.150302 72.885033
-4.197935 73.883919
-4.245615 74.882767
-4.293248 75.881653
-4.340892 76.880447
-4.388573 77.879295
-4.436243 78.878227
-4.483923 79.877075
-4.531556 80.875961
-4.579275 81.874855
-4.626907 82.873734
-4.674588 83.872581
-4.722220 84.871468
-4.769902 85.870316
-4.817534 86.869194
-4.865215 87.868042
-4.912848 88.866928
-4.960529 89.865776
-5.008161 90.864662
-5.055842 91.863503
-5.103475 92.862389
-5.151156 93.861237
-5.198788 94.860123
-5.246469 95.858963
-5.289599 96.858017
-5.309752 97.857788
-5.304905 98.857765
-5.275097 99.857300
-5.220272 100.855827
-5.140526 101.852562
-5.035867 102.847115
-4.906404 103.838638
-4.752201 104.826614
-4.573288 105.810486
-4.369886 106.789536
-4.142109 107.763214
-3.890032 108.730919
-3.613829 109.691978
-3.313700 110.645859
-2.989731 111.591866
-2.642283 112.529572
-2.271528 113.458298
-1.877677 114.377426
-1.460929 115.286407
-1.021617 116.184677
-0.559979 117.071754
-0.076358 117.946968
0.429057 118.809883
0.955836 119.659843
1.503742 120.496361
2.072357 121.318886
2.661320 122.126984
3.270347 122.920120
3.898982 123.697784
4.546853 124.459473
5.213686 125.204727
5.898818 125.933121
6.601962 126.644119
7.322636 127.337349
8.060470 128.012283
8.814894 128.668579
9.585512 129.305847
10.371830 129.923615
11.173328 130.521561
11.989525 131.099319
12.819924 131.656418
13.663981 132.192688
14.521153 132.707611
15.391018 133.200958
16.272882 133.672394
17.166227 134.121628
18.070555 134.548477
18.985237 134.952484
19.909786 135.333557
20.843597 135.691391
21.785990 136.025772
22.736416 136.336487
23.694368 136.623337
24.659227 136.886185
25.630297 137.124756
26.607056 137.339020
27.588785 137.528809
28.575035 137.694000
29.565088 137.834427
30.558346 137.950165
31.554169 138.041351
32.550797 138.123825
33.547386 138.206329
34.544010 138.288803
35.540550 138.371277
36.537178 138.453735
37.533768 138.536255
38.530396 138.618729
39.526936 138.701202
40.523525 138.783707
41.520111 138.866226
42.516701 138.948746
43.513279 139.031174
44.509869 139.113678
45.506458 139.196198
46.503086 139.278671
47.499626 139.361145
48.496216 139.443649
49.492840 139.526123
50.489468 139.608582
51.486008 139.691071
52.482635 139.773529
53.479225 139.856049
54.475849 139.938507
55.472389 140.020981
56.469017 140.103455
57.465607 140.185974
58.462196 140.268478
59.458736 140.350952
60.455326 140.433472
61.451950 140.515945
62.448540 140.598450
63.445080 140.680923
64.441711 140.763397
65.438293 140.845917
66.434883 140.928421
67.431549 141.010849
68.428093 141.093323
69.424721 141.175781
70.421303 141.258301
71.417931 141.340759
72.414474 141.423248
14.000000
