-0.833041 0.002943
-0.829532 1.002932
-0.826015 2.002920
-0.822506 3.002909
-0.818989 4.002897
-0.815480 5.002887
-0.811970 6.002876
-0.808461 7.002866
-0.804952 8.002855
-0.801429 9.002904
-0.797920 10.002893
-0.794410 11.002883
-0.790901 12.002872
-0.787384 13.002860
-0.783868 14.002849
-0.780358 15.002838
-0.776849 16.002827
-0.773340 17.002817
-0.769831 18.002806
-0.766321 19.002796
-0.762812 20.002785
-0.759303 21.002775
-0.755780 22.002823
-0.752263 23.002811
-0.748754 24.002802
-0.745245 25.002790
-0.741728 26.002779
-0.738219 27.002768
-0.734710 28.002758
-0.731200 29.002747
-0.727691 30.002737
-0.724182 31.002726
-0.720672 32.002716
-0.717156 33.002705
-0.713647 34.002693
-0.710137 35.002682
-0.706614 36.002731
-0.703105 37.002720
-0.699596 38.002708
-0.696079 39.002697
-0.692570 40.002686
-0.689061 41.002678
-0.685551 42.002666
-0.682035 43.002655
-0.678525 44.002644
-0.675016 45.002632
-0.671507 46.002625
-0.667998 47.002613
-0.664488 48.002602
-0.660965 49.002651
-0.657456 50.002640
-0.653947 51.002628
-0.650430 52.002617
-0.646913 53.002605
-0.643404 54.002594
-0.639895 55.002583
-0.636386 56.002575
-0.632876 57.002563
-0.629367 58.002552
-0.625858 59.002541
-0.622349 60.002533
-0.618839 61.002522
-0.615316 62.002571
-0.611807 63.002560
-0.608298 64.002548
-0.604781 65.002541
-0.601272 66.002525
-0.597763 67.002518
-0.594253 68.002502
-0.590744 69.002495
-0.587235 70.002487
-0.583726 71.002472
-0.580216 72.002464
-0.576707 73.002457
-0.573198 74.002441
-0.569675 75.002495
-0.566165 76.002480
-0.562656 77.002472
-0.559139 78.002457
-0.555630 79.002449
-0.552121 80.002434
-0.548612 81.002426
-0.545102 82.002419
-0.541593 83.002403
-0.538084 84.002396
-0.534575 85.002388
-0.531065 86.002373
-0.527556 87.002365
-0.524033 88.002411
-0.520524 89.002403
-0.517015 90.002388
-0.513498 91.002380
-0.509989 92.002373
-0.506479 93.002357
-0.502970 94.002350
-0.499461 95.002335
-0.495952 96.002327
-0.492442 97.002319
-0.488933 98.002304
-0.485424 99.002296
-0.481915 100.002289
-0.478391 101.002335
-0.474882 102.002327
-0.471373 103.002312
-0.467856 104.002304
-0.464347 105.002289
-0.460838 106.002281
-0.457329 107.002266
-0.453819 108.002258
-0.450310 109.002251
-0.446801 110.002235
-0.443292 111.002228
-0.439782 112.002220
-0.436273 113.002205
-0.432750 114.002258
-0.429241 115.002243
-0.425731 116.002235
-0.422215 117.002220
-0.418706 118.002213
-0.415196 119.002205
-0.411687 120.002190
-0.408178 121.002182
-0.404669 122.002167
-0.401159 123.002159
-0.397650 124.002151
-0.394141 125.002136
-0.390632 126.002129
-0.387115 127.002113
-0.383606 128.002106
-0.380082 129.002151
-0.376573 130.002136
-0.373064 131.002136
-0.369555 132.002121
-0.366046 133.002106
-0.362536 134.002106
-0.359027 135.002090
-0.355518 136.002075
-0.352009 137.002075
-0.348499 138.002060
-0.344990 139.002045
-0.341473 140.002029
-0.337964 141.002029
-0.334441 142.002075
-0.330932 143.002060
-0.327422 144.002060
-0.323913 145.002045
-0.320404 146.002029
-0.316895 147.002029
-0.313385 148.002014
-0.309876 149.001999
-0.306367 150.001984
-0.302858 151.001984
-0.299348 152.001968
-0.295832 153.001953
-0.292323 154.001953
-0.288799 155.001999
-0.285290 156.001984
-0.281781 157.001968
-0.278272 158.001968
-0.274762 159.001953
-0.271253 160.001938
-0.267744 161.001938
-0.264235 162.001923
-0.260725 163.001907
-0.257216 164.001907
-0.253707 165.001892
-0.250190 166.001877
-0.246681 167.001862
-0.243172 168.001862
-0.239649 169.001907
-0.236139 170.001892
-0.232630 171.001892
-0.229121 172.001877
-0.225612 173.001862
-0.222102 174.001862
-0.218593 175.001846
-0.215084 176.001831
-0.211575 177.001816
-0.208065 178.001816
-0.204549 179.001801
-0.201039 180.001785
-0.197530 181.001785
-0.194007 182.001831
-0.190498 183.001816
-0.186989 184.001801
-0.183479 185.001801
-0.179970 186.001785
-0.176461 187.001770
-0.172952 188.001770
-0.169442 189.001755
-0.165933 190.001740
-0.162424 191.001740
-0.158907 192.001724
-0.155398 193.001709
-0.151889 194.001694
-0.148365 195.001755
-0.144856 196.001740
-0.141347 197.001724
-0.137838 198.001724
-0.134328 199.001709
14.000000
