1.572136 0.075461
1.524175 1.074294
1.476262 2.073165
1.428300 3.071998
1.380425 4.070820
1.332463 5.069653
1.284550 6.068524
1.236589 7.067357
1.188675 8.066227
1.140714 9.065061
1.092801 10.063931
1.044839 11.062764
0.996878 12.061597
0.948965 13.060468
0.901003 14.059301
0.853090 15.058171
0.805129 16.057005
0.757216 17.055876
0.709254 18.054708
0.661341 19.053579
0.613417 20.052364
0.565467 21.051283
0.517468 22.050163
0.469555 23.049034
0.421593 24.047867
0.373680 25.046738
0.325719 26.045570
0.277805 27.044441
0.229844 28.043274
0.181931 29.042145
0.133969 30.040979
0.086056 31.039848
0.038095 32.038681
-0.009818 33.037552
-0.057780 34.036385
-0.105693 35.035255
-0.153654 36.034088
-0.201568 37.032959
-0.249529 38.031792
-0.297442 39.030663
-0.345404 40.029495
-0.393317 41.028366
-0.441278 42.027199
-0.489191 43.026070
-0.537153 44.024902
-0.585066 45.023773
-0.633027 46.022606
-0.680989 47.021442
-0.728902 48.020313
-0.776863 49.019146
-0.824776 50.018017
-0.872738 51.016850
-0.920651 52.015720
-0.968612 53.014553
-1.016526 54.013424
-1.064487 55.012257
-1.112325 56.011028
-1.160287 57.009861
-1.208200 58.008732
-1.256161 59.007565
-1.304075 60.006435
-1.352036 61.005268
-1.399949 62.004139
-1.447911 63.002975
-1.495824 64.001846
-1.543785 65.000679
-1.591698 65.999550
-1.639660 66.998383
-1.687573 67.997253
-1.735534 68.996086
-1.783448 69.994957
-1.831409 70.993790
-1.879322 71.992661
-1.927284 72.991493
-1.975234 73.990410
-2.023196 74.989243
-2.071109 75.988113
-2.119070 76.986946
-2.166983 77.985817
-2.214945 78.984650
-2.262858 79.983521
-2.310819 80.982353
-2.358781 81.981186
-2.406694 82.980057
-2.454655 83.978889
-2.502568 84.977760
-2.550530 85.976593
-2.598443 86.975464
-2.646404 87.974297
-2.694318 88.973167
-2.742279 89.972000
-2.790192 90.970871
-2.838154 91.969704
-2.886067 92.968575
-2.934028 93.967407
-2.981941 94.966278
-3.029903 95.965111
-3.077816 96.963982
-3.125777 97.962814
-3.173690 98.961685
-3.221652 99.960518
-3.269565 100.959389
-3.317526 101.958221
-3.365440 102.957092
-3.413401 103.955925
-3.461314 104.954796
-3.509276 105.953629
-3.557189 106.952499
-3.605150 107.951332
-3.653026 108.950157
-3.700987 109.948990
-3.748901 110.947861
-3.796862 111.946693
-3.844775 112.945564
-3.892736 113.944397
-3.940650 114.943268
-3.988611 115.942101
-4.036572 116.940933
-4.084486 117.939804
-4.132447 118.938637
-4.180360 119.937508
-4.228322 120.936340
-4.276235 121.935211
-4.324196 122.934044
-4.372109 123.932915
-4.420071 124.931747
-4.467984 125.930618
-4.515983 126.929504
-4.563896 127.928375
-4.611857 128.927200
-4.659770 129.926071
-4.707732 130.924911
-4.755645 131.923782
-4.803607 132.922607
-4.851520 133.921478
-4.899481 134.920319
-4.947394 135.919189
-4.995356 136.918015
-5.043269 137.916885
-5.091230 138.915726
-5.139143 139.914597
-5.187105 140.913422
-5.235018 141.912292
-5.282979 142.911133
-5.324292 143.910248
-5.341540 144.910095
-5.333799 145.910065
-5.301071 146.909454
-5.243373 147.907806
-5.160755 148.904373
-5.053207 149.898560
-4.920902 150.889679
-4.763809 151.877304
-4.582075 152.860611
-4.375812 153.839050
-4.145221 154.812103
-3.890302 155.779037
-3.611390 156.739334
-3.308474 157.692337
-2.981812 158.637405
-2.631595 159.574081
-2.258164 160.501709
-1.861646 161.419662
-1.442314 162.327484
-1.000388 163.224472
-0.536181 164.110229
-0.049999 164.984055
0.457921 165.845444
0.987161 166.693863
1.537483 167.528809
2.108470 168.349731
2.699750 169.156097
3.311050 169.947479
3.941951 170.723312
4.592131 171.483109
5.261009 172.226440
5.948266 172.952820
6.653491 173.661758
7.376117 174.352921
8.115896 175.025711
8.872272 175.679855
9.644703 176.314865
10.432754 176.930389
11.236064 177.526001
12.053896 178.101364
12.885938 178.656082
13.731545 179.189896
14.590226 179.702332
15.461434 180.193192
16.344675 180.662048
17.239317 181.108688
18.144850 181.532883
19.060793 181.934265
19.986380 182.312637
20.921198 182.667801
21.864592 182.999435
22.815943 183.307434
23.774691 183.591507
24.740292 183.851486
25.712086 184.087311
14.000000
