0.997882 -0.128141
1.125194 0.863721
1.252587 1.855554
1.379899 2.847416
1.507210 3.839278
1.634632 4.831192
1.761970 5.822999
1.889337 6.814888
2.016648 7.806750
2.144015 8.798638
2.271353 9.790445
2.398720 10.782333
2.526031 11.774196
2.653398 12.766084
2.780681 13.757864
2.907993 14.749726
3.035360 15.741614
3.162671 16.733477
3.290009 17.725283
3.417321 18.717146
3.544688 19.709034
3.671999 20.700895
3.799337 21.692703
3.926759 22.684618
4.054070 23.676479
4.181437 24.668367
4.308775 25.660175
4.436142 26.652063
4.563454 27.643925
4.690820 28.635813
4.818159 29.627621
4.945525 30.619509
5.069703 31.611692
5.172271 32.606419
5.250003 33.603355
5.302701 34.601933
5.330463 35.601524
5.333252 36.601498
5.311032 37.601227
5.263765 38.600086
5.191661 39.597496
5.094544 40.592701
4.972627 41.585255
4.825951 42.574368
4.654537 43.559574
4.458592 44.540165
4.238134 45.515533
3.993454 46.485081
3.724545 47.448254
3.431667 48.404373
3.115004 49.352913
2.774683 50.293190
2.410967 51.224651
2.024122 52.146755
1.614357 53.058914
1.181881 53.960560
0.727012 54.851032
0.250071 55.729939
-0.248760 56.596626
-0.769162 57.450565
-1.310625 58.291264
-1.872993 59.118114
-2.455837 59.930649
-3.058782 60.728367
-3.681535 61.510803
-4.323615 62.277374
-4.984643 63.027725
-5.664220 63.761295
-6.361971 64.477592
-7.077383 65.176254
-7.810051 65.856857
-8.559440 66.518860
-9.325199 67.161949
-10.106788 67.785713
-10.903667 68.389725
-11.715516 68.973595
-12.541656 69.537056
-13.381602 70.079651
-14.234814 70.601105
-15.100858 71.101074
-15.979112 71.579262
-16.869062 72.035301
-17.770060 72.468956
-18.681667 72.880035
-19.603266 73.268089
-20.534229 73.632950
-21.474123 73.974548
-22.422188 74.292442
-23.377935 74.586601
-24.340765 74.856758
-25.309975 75.102715
-26.285017 75.324333
-27.265348 75.521599
-28.250315 75.694283
-29.239265 75.842300
-30.231024 75.971085
-31.222912 76.098450
-32.214802 76.225815
-33.206581 76.353096
-34.198467 76.480469
-35.190357 76.607834
-36.182194 76.735092
-37.174080 76.862457
-38.165913 76.989845
-39.157749 77.117104
-40.149586 77.244362
-41.141472 77.371727
-42.133362 77.499092
-43.125141 77.626381
-44.117031 77.753746
-45.108921 77.881111
-46.100754 78.008369
-47.092644 78.135735
-48.084476 78.263130
-49.076313 78.390388
-50.068253 78.517860
-51.060143 78.645226
-52.052029 78.772598
-53.043812 78.899879
-54.035698 79.027245
-55.027588 79.154610
-56.019424 79.281868
-57.011311 79.409233
-58.003143 79.536629
-58.994980 79.663887
-59.986816 79.791138
-60.978703 79.918510
-61.970592 80.045876
-62.962372 80.173157
-63.954262 80.300522
-64.946152 80.427887
-65.937988 80.555145
-66.929817 80.682541
-67.921761 80.810020
-68.913597 80.937271
-69.905487 81.064644
-70.897316 81.192032
-71.889153 81.319290
-72.881042 81.446655
-73.872932 81.574020
-74.864761 81.701279
-75.856598 81.828674
-76.848434 81.955933
-77.840271 82.083183
-78.832161 82.210556
-79.823990 82.337944
-80.815880 82.465309
-81.807716 82.592567
-82.799606 82.719933
-83.791435 82.847328
-84.783272 82.974586
-85.775215 83.102066
-86.767105 83.229431
-87.758934 83.356689
-88.750771 83.484077
-89.742661 83.611443
-90.734497 83.738701
-91.726379 83.866066
-92.718216 83.993462
-93.709999 84.120605
-94.701889 84.247978
-95.693779 84.375343
-96.685555 84.502625
-97.677444 84.629990
-98.669334 84.757355
-99.661224 84.884727
-100.653053 85.011978
-101.644890 85.139374
-102.636833 85.266853
-103.628670 85.394112
-104.620552 85.521477
-105.612389 85.648865
-106.604225 85.776123
-107.596115 85.903488
-108.587997 86.030861
-109.579781 86.158142
-110.571617 86.285400
-111.563507 86.412766
-112.555344 86.540024
-113.547226 86.667389
-114.539062 86.794785
-115.530899 86.922035
-116.522789 87.049400
-117.514671 87.176773
-118.506508 87.304161
-119.497536 87.437767
-120.484604 87.598068
-121.466652 87.786514
-122.442978 88.002907
-123.412598 88.246910
-124.375031 88.518341
-125.329399 88.816956
-126.274940 89.142426
-127.210854 89.494339
-128.136597 89.872414
-129.051392 90.276199
-129.954559 90.705490
-130.845383 91.159821
-131.723282 91.638657
-132.587524 92.141663
14.000000
