-0.618351 -0.029491
-0.666067 0.969354
-0.713735 1.968236
-0.761451 2.967081
-0.809119 3.965964
-0.856836 4.964808
-0.904503 5.963691
-0.952220 6.962535
-0.999888 7.961418
-1.047604 8.960262
-1.095320 9.959107
-1.142950 10.957941
-1.190667 11.956786
-1.238334 12.955668
-1.286051 13.954514
-1.333719 14.953396
-1.381435 15.952240
-1.429103 16.951122
-1.476819 17.949966
-1.524487 18.948849
-1.572203 19.947695
-1.619871 20.946577
-1.667587 21.945421
-1.715217 22.944256
-1.762934 23.943100
-1.810601 24.941982
-1.858318 25.940826
-1.905985 26.939709
-1.953739 27.938602
-2.001407 28.937485
-2.049123 29.936329
-2.096791 30.935211
-2.144545 31.934105
-2.192212 32.932987
-2.239928 33.931831
-2.287596 34.930714
-2.335313 35.929558
-2.382981 36.928440
-2.430697 37.927288
-2.478364 38.926170
-2.526081 39.925014
-2.573749 40.923897
-2.621465 41.922741
-2.669133 42.921623
-2.716849 43.920467
-2.764565 44.919312
-2.812233 45.918194
-2.859949 46.917038
-2.907617 47.915920
-2.955333 48.914768
-3.003001 49.913651
-3.050717 50.912495
-3.098385 51.911377
-3.146101 52.910221
-3.193769 53.909103
-3.241485 54.907948
-3.289153 55.906830
-3.336869 56.905674
-3.384537 57.904556
-3.432216 58.903355
-3.479884 59.902237
-3.527600 60.901081
-3.575268 61.899963
-3.622947 62.898758
-3.670615 63.897640
-3.718331 64.896484
-3.765999 65.895370
-3.813715 66.894211
-3.861383 67.893097
-3.909099 68.891937
-3.956767 69.890823
-4.004483 70.889671
-4.052151 71.888550
-4.099867 72.887398
-4.147535 73.886276
-4.195251 74.885124
-4.242919 75.884003
-4.290635 76.882851
-4.338303 77.881729
-4.386019 78.880577
-4.433735 79.879417
-4.481441 80.878349
-4.529157 81.877197
-4.576825 82.876076
-4.624541 83.874924
-4.672209 84.873802
-4.719925 85.872650
-4.767593 86.871536
-4.815309 87.870377
-4.862977 88.869263
-4.910693 89.868103
-4.958361 90.866989
-5.006077 91.865829
-5.053745 92.864716
-5.101461 93.863556
-5.149129 94.862442
-5.196846 95.861282
-5.244513 96.860168
-5.289205 97.859192
-5.312101 98.858879
-5.310073 99.858864
-5.282988 100.858482
-5.230922 101.857132
-5.153962 102.854134
-5.052052 103.848907
-4.925315 104.840828
-4.773791 105.829231
-4.597642 106.813545
-4.396982 107.793205
-4.171860 108.767487
-3.922428 109.735878
-3.648907 110.697685
-3.351400 111.652420
-3.030091 112.599342
-2.685217 113.537949
-2.317024 114.467659
-1.925676 115.387901
-1.511468 116.298042
-1.074685 117.197563
-0.615489 118.085876
-0.134251 118.962456
0.368781 119.826729
0.893189 120.678139
1.438821 121.516182
2.005124 122.340279
2.591874 123.150017
3.198688 123.944801
3.825206 124.724197
4.470972 125.487694
5.135664 126.234810
5.818826 126.965042
6.520011 127.677963
7.238776 128.373154
7.974674 129.050186
8.727298 129.708603
9.496202 130.347977
10.280769 130.967911
11.080614 131.568100
11.895194 132.148041
12.724038 132.707474
13.566673 133.246078
14.422425 133.763336
15.290881 134.259109
16.171423 134.732971
17.063543 135.184692
17.966684 135.613983
18.880287 136.020584
19.803747 136.404190
20.736519 136.764572
21.677969 137.101578
22.627626 137.414917
23.584772 137.704422
24.548861 137.969879
25.519308 138.211182
26.495445 138.428162
27.476725 138.620651
28.462440 138.788559
29.452095 138.931732
30.445038 139.050201
31.440687 139.143829
32.437275 139.226379
33.433849 139.308838
34.430435 139.391388
35.427059 139.473892
36.423645 139.556442
37.420219 139.638901
38.416805 139.721451
39.413429 139.803955
40.409977 139.886551
41.406517 139.969070
42.403141 140.051575
43.399727 140.134125
44.396313 140.216675
45.392849 140.299179
46.389473 140.381683
47.386059 140.464233
48.382645 140.546783
49.379257 140.629196
50.375843 140.711746
51.372467 140.794250
52.369053 140.876801
53.365627 140.959259
54.362217 141.041809
55.358837 141.124313
56.355423 141.206863
57.352001 141.289322
58.348549 141.371918
59.345135 141.454468
60.341759 141.536972
61.338295 141.619476
62.334881 141.702026
63.331467 141.784576
64.328094 141.867081
65.324631 141.949600
66.321213 142.032150
67.317879 142.114594
68.314461 142.197144
69.311035 142.279602
70.307625 142.362152
71.304245 142.444656
14.000000
