2.241632 -0.071363
2.273451 0.928131
2.305270 1.927625
2.337089 2.927118
2.368908 3.926612
2.400727 4.926105
2.432546 5.925599
2.464365 6.925093
2.496184 7.924587
2.528003 8.924080
2.559822 9.923573
2.591641 10.923067
2.623461 11.922592
2.655280 12.922086
2.687099 13.921579
2.718918 14.921073
2.750737 15.920567
2.782556 16.920059
2.814375 17.919554
2.846195 18.919046
2.878014 19.918541
2.909832 20.918036
2.941652 21.917528
2.973471 22.917023
3.005290 23.916515
3.037109 24.916010
3.068928 25.915503
3.100747 26.914997
3.132566 27.914490
3.164385 28.913984
3.196204 29.913477
3.228023 30.912971
3.259842 31.912464
3.291661 32.911957
3.323480 33.911453
3.355299 34.910946
3.387118 35.910439
3.418937 36.909935
3.450756 37.909428
3.482575 38.908920
3.514394 39.908413
3.546213 40.907909
3.578032 41.907402
3.609852 42.906895
3.641670 43.906387
3.673490 44.905884
3.705309 45.905376
3.737128 46.904869
3.768947 47.904362
3.800766 48.903858
3.832585 49.903351
3.864404 50.902843
3.896223 51.902340
3.928042 52.901833
3.959861 53.901325
3.991680 54.900818
4.023499 55.900314
4.055318 56.899807
4.087137 57.899300
4.118956 58.898792
4.150775 59.898289
4.182594 60.897781
4.214413 61.897274
4.246233 62.896767
4.278051 63.896263
4.309870 64.895752
4.341690 65.895248
4.373508 66.894745
4.405327 67.894234
4.437147 68.893730
4.468966 69.893227
4.500785 70.892715
4.532604 71.892212
4.564423 72.891708
4.596242 73.891197
4.628061 74.890694
4.659880 75.890182
4.691699 76.889679
4.723518 77.889175
4.755337 78.888664
4.787156 79.888161
4.818975 80.887657
4.850795 81.887177
4.882614 82.886673
4.914433 83.886162
4.946252 84.885658
4.978071 85.885155
5.009890 86.884644
5.041709 87.884140
5.073528 88.883636
5.105348 89.883125
5.137167 90.882622
5.168985 91.882118
5.200805 92.881607
5.232624 93.881104
5.264442 94.880592
5.296262 95.880089
5.328081 96.879585
5.359900 97.879074
5.391719 98.878571
5.419572 99.878189
5.436503 100.878036
5.442293 101.878021
5.436968 102.877998
5.420649 103.877861
5.393360 104.877495
5.355129 105.876747
5.305983 106.875549
5.245976 107.873695
5.175263 108.871201
5.093838 109.867889
5.001664 110.863602
4.898894 111.858315
4.785553 112.851891
4.661730 113.844193
4.527390 114.835114
4.382652 115.824532
4.227607 116.812447
4.062249 117.798676
3.886637 118.783157
3.700826 119.765701
3.504972 120.746368
3.299004 121.724915
3.083077 122.701340
2.857152 123.675446
2.621416 124.647308
2.375830 125.616676
2.120481 126.583420
1.855435 127.547661
1.580777 128.509216
1.296564 129.467972
1.002797 130.423904
0.699619 131.376785
0.387097 132.326721
0.065252 133.273483
-0.265884 134.217041
-0.606162 135.157364
-0.955553 136.094376
-1.314001 137.027878
-1.681474 137.957962
-2.057856 138.884399
-2.443025 139.807220
-2.837013 140.726349
-3.239734 141.641663
-3.651096 142.553101
-4.071039 143.460663
-4.499476 144.364212
-4.936439 145.263718
-5.381747 146.159073
-5.835339 147.050293
-6.297220 147.937210
-6.767237 148.819855
-7.245392 149.698135
-7.731567 150.571945
-8.225731 151.441330
-8.727826 152.306122
-9.237730 153.166351
-9.755415 154.021942
-10.280794 154.872772
-10.813866 155.718842
-11.354448 156.560135
-11.902514 157.396530
-12.458033 158.228043
-13.020915 159.054611
-13.591072 159.876144
-14.168443 160.692596
-14.752969 161.503967
-15.344620 162.310181
-15.943245 163.111191
-16.548847 163.906921
-17.161333 164.697449
-17.777452 165.485092
-18.387405 166.277481
-18.990471 167.075211
-19.586563 167.878098
-20.175653 168.686127
-20.757584 169.499374
-21.332331 170.317688
-21.899866 171.141037
-22.460064 171.969406
-23.012873 172.802658
-23.558191 173.640930
-24.096031 174.483978
-24.626299 175.331772
-25.148874 176.184341
-25.663698 177.041611
-26.170771 177.903519
-26.670033 178.770004
-27.161272 179.641068
-27.644526 180.516495
-28.119730 181.396393
-28.586826 182.280594
-29.045664 183.169113
-29.496246 184.061829
-29.938515 184.958679
-30.372316 185.859665
-30.797684 186.764709
-31.214497 187.673691
-31.622761 188.586563
-32.022293 189.503250
14.000000
