-1.026982 0.004635
-1.022468 1.004619
-1.017962 2.004605
-1.013456 3.004590
-1.008942 4.004574
-1.004436 5.004560
-0.999930 6.004545
-0.995410 7.004590
-0.990897 8.004574
-0.986391 9.004560
-0.981885 10.004545
-0.977371 11.004529
-0.972865 12.004515
-0.968359 13.004499
-0.963853 14.004485
-0.959339 15.004469
-0.954833 16.004456
-0.950327 17.004440
-0.945814 18.004423
-0.941308 19.004410
-0.936788 20.004454
-0.932282 21.004440
-0.927768 22.004423
-0.923262 23.004410
-0.918756 24.004395
-0.914243 25.004379
-0.909737 26.004364
-0.905231 27.004351
-0.900724 28.004335
-0.896211 29.004318
-0.891705 30.004305
-0.887199 31.004290
-0.882685 32.004272
-0.878179 33.004261
-0.873659 34.004303
-0.869153 35.004292
-0.864640 36.004272
-0.860134 37.004261
-0.855628 38.004246
-0.851114 39.004230
-0.846608 40.004215
-0.842102 41.004200
-0.837596 42.004185
-0.833090 43.004169
-0.828584 44.004158
-0.824078 45.004143
-0.819572 46.004128
-0.815052 47.004173
-0.810546 48.004158
-0.806039 49.004143
-0.801526 50.004128
-0.797012 51.004112
-0.792506 52.004097
-0.788000 53.004082
-0.783494 54.004066
-0.778988 55.004055
-0.774482 56.004040
-0.769976 57.004025
-0.765470 58.004009
-0.760957 59.003994
-0.756436 60.004040
-0.751930 61.004025
-0.747424 62.004009
-0.742918 63.003994
-0.738405 64.003983
-0.733899 65.003967
-0.729393 66.003952
-0.724887 67.003937
-0.720381 68.003922
-0.715867 69.003906
-0.711361 70.003891
-0.706855 71.003876
-0.702349 72.003860
-0.697829 73.003906
-0.693323 74.003891
-0.688817 75.003876
-0.684311 76.003860
-0.679797 77.003845
-0.675291 78.003830
-0.670778 79.003815
-0.666272 80.003799
-0.661765 81.003784
-0.657259 82.003777
-0.652753 83.003761
-0.648247 84.003746
-0.643741 85.003731
-0.639235 86.003716
-0.634715 87.003761
-0.630209 88.003746
-0.625696 89.003731
-0.621182 90.003716
-0.616676 91.003700
-0.612170 92.003685
-0.607664 93.003670
-0.603158 94.003654
-0.598652 95.003639
-0.594146 96.003624
-0.589640 97.003609
-0.585134 98.003601
-0.580620 99.003578
-0.576100 100.003624
-0.571594 101.003609
-0.567088 102.003593
-0.562574 103.003578
-0.558068 104.003563
-0.553562 105.003555
-0.549056 106.003540
-0.544550 107.003525
-0.540044 108.003510
-0.535538 109.003494
-0.531032 110.003479
-0.526526 111.003464
-0.522020 112.003448
-0.517500 113.003494
-0.512994 114.003479
-0.508488 115.003464
-0.503974 116.003448
-0.499468 117.003433
-0.494962 118.003418
-0.490456 119.003410
-0.485950 120.003395
-0.481444 121.003380
-0.476938 122.003365
-0.472432 123.003349
-0.467926 124.003334
-0.463420 125.003319
-0.458900 126.003365
-0.454394 127.003349
-0.449887 128.003342
-0.445374 129.003326
-0.440868 130.003311
-0.436362 131.003296
-0.431856 132.003281
-0.427350 133.003265
-0.422844 134.003250
-0.418338 135.003235
-0.413832 136.003220
-0.409325 137.003204
-0.404819 138.003189
-0.400299 139.003235
-0.395793 140.003220
-0.391287 141.003204
-0.386774 142.003189
-0.382268 143.003174
-0.377762 144.003159
-0.373256 145.003143
-0.368749 146.003128
-0.364243 147.003113
-0.359737 148.003098
-0.355231 149.003082
-0.350725 150.003067
-0.346219 151.003067
-0.341699 152.003098
-0.337193 153.003098
-0.332687 154.003082
-0.328174 155.003067
-0.323667 156.003052
-0.319161 157.003036
-0.314655 158.003021
-0.310149 159.003006
-0.305643 160.002991
-0.301137 161.002975
-0.296631 162.002960
-0.292125 163.002945
-0.287619 164.002930
-0.283099 165.002975
-0.278593 166.002960
-0.274087 167.002945
-0.269573 168.002930
-0.265067 169.002914
-0.260561 170.002899
-0.256055 171.002884
-0.251549 172.002869
-0.247043 173.002853
-0.242537 174.002838
-0.238031 175.002823
-0.233525 176.002808
-0.229019 177.002792
-0.224499 178.002838
-0.219993 179.002823
-0.215487 180.002808
-0.210973 181.002792
-0.206467 182.002777
-0.201961 183.002777
-0.197455 184.002762
-0.192949 185.002747
-0.188443 186.002731
-0.183937 187.002716
-0.179431 188.002701
-0.174925 189.002686
-0.170419 190.002670
-0.165898 191.002716
-0.161392 192.002701
-0.156886 193.002686
-0.152373 194.002670
-0.147867 195.002655
-0.143361 196.002640
-0.138855 197.002625
-0.134349 198.002609
-0.129843 199.002594
14.000000
