-1.446388 0.009625
-1.439726 1.009597
-1.433079 2.009572
-1.426416 3.009544
-1.419740 4.009575
-1.413092 5.009550
-1.406430 6.009522
-1.399783 7.009497
-1.393120 8.009469
-1.386458 9.009441
-1.379810 10.009417
-1.373148 11.009388
-1.366486 12.009359
-1.359838 13.009336
-1.353176 14.009307
-1.346514 15.009278
-1.339866 16.009254
-1.333204 17.009226
-1.326527 18.009256
-1.319880 19.009232
-1.313218 20.009205
-1.306570 21.009180
-1.299908 22.009151
-1.293246 23.009123
-1.286598 24.009098
-1.279936 25.009069
-1.273273 26.009041
-1.266626 27.009018
-1.259964 28.008989
-1.253301 29.008961
-1.246654 30.008936
-1.239992 31.008907
-1.233315 32.008938
-1.226668 33.008915
-1.220005 34.008884
-1.213358 35.008862
-1.206696 36.008835
-1.200033 37.008804
-1.193386 38.008781
-1.186723 39.008751
-1.180061 40.008724
-1.173414 41.008698
-1.166751 42.008671
-1.160089 43.008644
-1.153442 44.008617
-1.146765 45.008648
-1.140118 46.008625
-1.133455 47.008595
-1.126793 48.008568
-1.120146 49.008545
-1.113483 50.008514
-1.106821 51.008488
-1.100173 52.008461
-1.093511 53.008434
-1.086849 54.008404
-1.080201 55.008381
-1.073539 56.008354
-1.066884 57.008327
-1.060215 58.008358
-1.053553 59.008331
-1.046898 60.008305
-1.040243 61.008278
-1.033588 62.008251
-1.026926 63.008224
-1.020271 64.008194
-1.013616 65.008171
-1.006954 66.008141
-1.000299 67.008118
-0.993644 68.008087
-0.986989 69.008064
-0.980327 70.008034
-0.973658 71.008064
-0.967003 72.008041
-0.960341 73.008011
-0.953686 74.007988
-0.947031 75.007957
-0.940376 76.007935
-0.933714 77.007904
-0.927059 78.007881
-0.920404 79.007851
-0.913749 80.007828
-0.907087 81.007797
-0.900432 82.007774
-0.893777 83.007744
-0.887100 84.007774
-0.880445 85.007751
-0.873791 86.007721
-0.867136 87.007698
-0.860473 88.007668
-0.853818 89.007645
-0.847164 90.007614
-0.840501 91.007584
-0.833846 92.007561
-0.827192 93.007538
-0.820537 94.007507
-0.813874 95.007477
-0.807219 96.007454
-0.800550 97.007484
-0.793888 98.007462
-0.787233 99.007431
-0.780578 100.007408
-0.773923 101.007378
-0.767261 102.007347
-0.760606 103.007324
-0.753951 104.007294
-0.747296 105.007271
-0.740634 106.007240
-0.733979 107.007217
-0.727324 108.007187
-0.720662 109.007164
-0.713993 110.007195
-0.707338 111.007172
-0.700676 112.007141
-0.694021 113.007111
-0.687366 114.007088
-0.680711 115.007057
-0.674056 116.007034
-0.667401 117.007004
-0.660746 118.006981
-0.654092 119.006958
-0.647437 120.006927
-0.640782 121.006905
-0.634127 122.006874
-0.627457 123.006844
-0.620802 124.006821
-0.614133 125.006851
-0.607478 126.006828
-0.600823 127.006798
-0.594169 128.006775
-0.587514 129.006744
-0.580859 130.006714
-0.574204 131.006699
-0.567549 132.006668
-0.560887 133.006638
-0.554232 134.006607
-0.547569 135.006577
-0.540915 136.006561
-0.534260 137.006531
-0.527591 138.006561
-0.520936 139.006531
-0.514281 140.006516
-0.507626 141.006485
-0.500964 142.006454
-0.494309 143.006424
-0.487654 144.006409
-0.480999 145.006378
-0.474344 146.006348
-0.467689 147.006317
-0.461027 148.006302
-0.454372 149.006271
-0.447717 150.006241
-0.441048 151.006271
-0.434386 152.006241
-0.427731 153.006226
-0.421076 154.006195
-0.414421 155.006165
-0.407766 156.006134
-0.401111 157.006119
-0.394456 158.006088
-0.387802 159.006058
-0.381139 160.006027
-0.374484 161.006012
-0.367822 162.005981
-0.361167 163.005951
-0.354498 164.005981
-0.347843 165.005966
-0.341188 166.005936
-0.334533 167.005905
-0.327879 168.005875
-0.321224 169.005859
-0.314569 170.005829
-0.307914 171.005798
-0.301252 172.005768
-0.294597 173.005753
-0.287934 174.005722
-0.281279 175.005692
-0.274625 176.005661
-0.267956 177.005692
-0.261301 178.005676
-0.254646 179.005646
-0.247991 180.005615
-0.241336 181.005585
-0.234681 182.005569
-0.228026 183.005539
-0.221371 184.005508
-0.214716 185.005493
-0.208062 186.005463
-0.201399 187.005432
-0.194744 188.005402
-0.188089 189.005371
-0.181435 190.005356
-0.174766 191.005386
-0.168111 192.005356
-0.161456 193.005325
-0.154801 194.005310
-0.148146 195.005280
-0.141491 196.005249
-0.134836 197.005219
-0.128181 198.005203
-0.121519 199.005173
14.000000
