-2.828037 0.038801
-2.814313 1.038701
-2.800604 2.038604
-2.786880 3.038504
-2.773156 4.038404
-2.759447 5.038308
-2.745694 6.038326
-2.731971 7.038226
-2.718261 8.038129
-2.704538 9.038029
-2.690829 10.037932
-2.677105 11.037832
-2.663381 12.037732
-2.649672 13.037635
-2.635948 14.037535
-2.622224 15.037435
-2.608544 16.037220
-2.594820 17.037119
-2.581097 18.037020
-2.567388 19.036922
-2.553664 20.036823
-2.539940 21.036722
-2.526231 22.036625
-2.512507 23.036526
-2.498783 24.036425
-2.485074 25.036329
-2.471292 26.036467
-2.457583 27.036369
-2.443859 28.036268
-2.430135 29.036169
-2.416426 30.036072
-2.402703 31.035973
-2.388979 32.035873
-2.375270 33.035774
-2.361546 34.035675
-2.347851 35.035458
-2.334142 36.035358
-2.320418 37.035259
-2.306709 38.035164
-2.292985 39.035061
-2.279262 40.034962
-2.265553 41.034866
-2.251829 42.034767
-2.238105 43.034664
-2.224396 44.034569
-2.210643 45.034588
-2.196919 46.034489
-2.183210 47.034389
-2.169486 48.034290
-2.155762 49.034191
-2.142053 50.034092
-2.128330 51.033993
-2.114591 52.034016
-2.100868 53.033916
-2.087144 54.033813
-2.073464 55.033600
-2.059740 56.033501
-2.046016 57.033398
-2.032307 58.033302
-2.018583 59.033203
-2.004859 60.033104
-1.991150 61.033005
-1.977426 62.032906
-1.963717 63.032810
-1.949994 64.032707
-1.936241 65.032730
-1.922532 66.032631
-1.908808 67.032532
-1.895084 68.032433
-1.881375 69.032333
-1.867651 70.032234
-1.853927 71.032135
-1.840218 72.032036
-1.826494 73.031937
-1.812770 74.031837
-1.799091 75.031624
-1.785367 76.031517
-1.771658 77.031425
-1.757905 78.031441
-1.744181 79.031342
-1.730472 80.031242
-1.716748 81.031143
-1.703024 82.031044
-1.689315 83.030952
-1.675591 84.030846
-1.661838 85.030869
-1.648129 86.030769
-1.634405 87.030670
-1.620697 88.030571
-1.606973 89.030472
-1.593249 90.030373
-1.579540 91.030273
-1.565816 92.030174
-1.552092 93.030075
-1.538398 94.029922
-1.524674 95.029823
-1.510950 96.029716
-1.497241 97.029625
-1.483503 98.029579
-1.469779 99.029480
-1.456070 100.029388
-1.442346 101.029282
-1.428637 102.029190
-1.414913 103.029091
-1.401189 104.028992
-1.387480 105.028893
-1.373756 106.028793
-1.360032 107.028694
-1.346323 108.028595
-1.332600 109.028496
-1.318876 110.028397
-1.305152 111.028358
-1.291428 112.028259
-1.277704 113.028160
-1.263995 114.028061
-1.250272 115.027962
-1.236563 116.027863
-1.222839 117.027763
-1.209115 118.027664
-1.195406 119.027565
-1.181682 120.027466
-1.167958 121.027367
-1.154249 122.027267
-1.140525 123.027168
-1.126801 124.027069
-1.113078 125.027031
-1.099354 126.026932
-1.085630 127.026833
-1.071921 128.026733
-1.058197 129.026642
-1.044488 130.026535
-1.030764 131.026443
-1.017041 132.026337
-1.003332 133.026245
-0.989608 134.026138
-0.975884 135.026047
-0.962175 136.025940
-0.948451 137.025848
-0.934727 138.025742
-0.921004 139.025711
-0.907280 140.025604
-0.893556 141.025513
-0.879847 142.025406
-0.866123 143.025314
-0.852414 144.025208
-0.838690 145.025116
-0.824966 146.025009
-0.811257 147.024918
-0.797534 148.024811
-0.783810 149.024719
-0.770101 150.024612
-0.756377 151.024521
-0.742638 152.024475
-0.728929 153.024384
-0.715206 154.024277
-0.701496 155.024185
-0.687773 156.024078
-0.674049 157.023987
-0.660340 158.023880
-0.646616 159.023788
-0.632892 160.023682
-0.619183 161.023590
-0.605459 162.023483
-0.591735 163.023392
-0.578026 164.023300
-0.564288 165.023254
-0.550564 166.023148
-0.536855 167.023056
-0.523131 168.022949
-0.509422 169.022858
-0.495698 170.022751
-0.481975 171.022659
-0.468266 172.022568
-0.454542 173.022461
-0.440818 174.022354
-0.427109 175.022263
-0.413385 176.022171
-0.399661 177.022064
-0.385938 178.022034
-0.372214 179.021927
-0.358490 180.021820
-0.344781 181.021729
-0.331057 182.021637
-0.317348 183.021530
-0.303624 184.021439
-0.289900 185.021332
-0.276191 186.021240
-0.262467 187.021133
-0.248744 188.021042
-0.235035 189.020935
-0.221311 190.020844
-0.207572 191.020798
-0.193863 192.020706
-0.180139 193.020599
-0.166423 194.020508
-0.152707 195.020401
-0.138990 196.020309
-0.125266 197.020203
-0.111550 198.020111
-0.097833 199.020004
14.000000
