2.179888 -0.069617
2.211794 0.929874
2.243700 1.929365
2.275606 2.928856
2.307512 3.928346
2.339417 4.927837
2.371324 5.927359
2.403230 6.926849
2.435136 7.926341
2.467041 8.925831
2.498947 9.925323
2.530853 10.924813
2.562759 11.924304
2.594665 12.923795
2.626570 13.923285
2.658476 14.922776
2.690382 15.922267
2.722288 16.921759
2.754193 17.921249
2.786099 18.920740
2.818005 19.920231
2.849911 20.919722
2.881817 21.919212
2.913722 22.918703
2.945628 23.918194
2.977534 24.917685
3.009440 25.917175
3.041345 26.916666
3.073252 27.916187
3.105158 28.915678
3.137064 29.915169
3.168970 30.914661
3.200875 31.914152
3.232781 32.913643
3.264687 33.913132
3.296593 34.912624
3.328498 35.912113
3.360404 36.911606
3.392310 37.911095
3.424216 38.910587
3.456121 39.910080
3.488027 40.909569
3.519933 41.909061
3.551839 42.908550
3.583745 43.908043
3.615650 44.907532
3.647556 45.907024
3.679462 46.906513
3.711368 47.906006
3.743273 48.905495
3.775179 49.904987
3.807085 50.904476
3.838991 51.903969
3.870897 52.903458
3.902802 53.902950
3.934707 54.902412
3.966613 55.901901
3.998519 56.901394
4.030425 57.900883
4.062330 58.900375
4.094236 59.899864
4.126142 60.899357
4.158048 61.898846
4.189953 62.898338
4.221859 63.897827
4.253765 64.897316
4.285671 65.896812
4.317577 66.896301
4.349483 67.895790
4.381388 68.895279
4.413294 69.894775
4.445200 70.894264
4.477107 71.893784
4.509012 72.893280
4.540918 73.892769
4.572824 74.892258
4.604730 75.891747
4.636635 76.891243
4.668541 77.890732
4.700447 78.890221
4.732353 79.889709
4.764258 80.889206
4.796165 81.888695
4.828070 82.888184
4.859976 83.887672
4.891882 84.887169
4.923788 85.886658
4.955693 86.886147
4.987599 87.885643
5.019505 88.885132
5.051411 89.884621
5.083316 90.884109
5.115222 91.883606
5.147128 92.883095
5.179034 93.882584
5.210940 94.882103
5.242846 95.881599
5.274752 96.881088
5.306658 97.880577
5.338563 98.880066
5.370470 99.879562
5.402375 100.879051
5.429949 101.878647
5.446447 102.878510
5.451866 103.878510
5.446170 104.878471
5.429449 105.878349
5.401788 106.877945
5.363186 107.877213
5.313667 108.875977
5.253319 109.874107
5.182233 110.871567
5.100404 111.868217
5.007889 112.863922
4.904746 113.858597
4.791062 114.852112
4.666865 115.844368
4.532182 116.835258
4.387101 117.824646
4.231680 118.812462
4.065978 119.798660
3.890021 120.783051
3.703867 121.765564
3.507666 122.746140
3.301385 123.724655
3.085081 124.700981
2.858843 125.675072
2.622758 126.646782
2.376855 127.616058
2.121162 128.582779
1.855797 129.546875
1.580822 130.508347
1.296292 131.467010
1.002205 132.422806
0.698712 133.375656
0.385900 134.325455
0.063737 135.272125
-0.267718 136.215607
-0.608317 137.155792
-0.957998 138.092651
-1.316735 139.026093
-1.684531 139.955963
-2.061172 140.882324
-2.446662 141.805069
-2.840942 142.724060
-3.243957 143.639175
-3.655579 144.550552
-4.075816 145.457977
-4.504546 146.361389
-4.941772 147.260742
-5.387374 148.155975
-5.841232 149.047012
-6.303345 149.933853
-6.773659 150.816299
-7.252080 151.694443
-7.738520 152.568130
-8.232949 153.437378
-8.735312 154.301987
-9.245454 155.162094
-9.763408 156.017487
-10.289023 156.868195
-10.822365 157.714066
-11.363185 158.555237
-11.911489 159.391525
-12.467249 160.222839
-13.030371 161.049271
-13.600738 161.870621
-14.178351 162.686905
-14.763117 163.498138
-15.354982 164.304123
-15.953849 165.105011
-16.559664 165.900558
-17.172363 166.690903
-17.788290 167.478653
-18.397890 168.271393
-19.000607 169.069351
-19.596317 169.872513
-20.185085 170.680832
-20.766634 171.494293
-21.340998 172.312912
-21.908148 173.136536
-22.467934 173.965118
-23.020353 174.798721
-23.565321 175.637161
-24.102745 176.480469
-24.632599 177.328506
-25.154787 178.181351
-25.669222 179.038895
-26.175879 179.901016
-26.674725 180.767715
-27.165548 181.638992
-27.648413 182.514709
-28.123198 183.394806
-28.589848 184.279221
-29.048265 185.167953
-29.498430 186.060883
-29.940218 186.957947
-30.373629 187.859131
-30.798546 188.764389
-31.214909 189.673584
14.000000
