1.150727 -0.036512
1.182414 0.962986
1.214101 1.962484
1.245788 2.961982
1.277475 3.961479
1.309163 4.961008
1.340850 5.960505
1.372537 6.960003
1.404224 7.959501
1.435911 8.958999
1.467598 9.958497
1.499285 10.957994
1.530972 11.957493
1.562659 12.956990
1.594346 13.956489
1.626033 14.955986
1.657720 15.955483
1.689407 16.954981
1.721094 17.954479
1.752782 18.953978
1.784469 19.953476
1.816156 20.952972
1.847843 21.952471
1.879530 22.951969
1.911216 23.951435
1.942903 24.950933
1.974590 25.950432
2.006277 26.949930
2.037964 27.949427
2.069651 28.948925
2.101338 29.948423
2.133025 30.947920
2.164712 31.947418
2.196399 32.946915
2.228086 33.946415
2.259773 34.945911
2.291460 35.945412
2.323147 36.944908
2.354834 37.944405
2.386521 38.943905
2.418208 39.943401
2.449895 40.942898
2.481582 41.942398
2.513269 42.941895
2.544956 43.941391
2.576643 44.940891
2.608330 45.940388
2.640017 46.939884
2.671704 47.939384
2.703391 48.938881
2.735078 49.938381
2.766766 50.937908
2.798453 51.937405
2.830140 52.936905
2.861827 53.936401
2.893514 54.935898
2.925201 55.935398
2.956888 56.934895
2.988575 57.934391
3.020262 58.933891
3.051950 59.933388
3.083637 60.932888
3.115324 61.932384
3.147011 62.931881
3.178698 63.931381
3.210385 64.930878
3.242072 65.930374
3.273759 66.929871
3.305446 67.929375
3.337133 68.928871
3.368820 69.928368
3.400507 70.927864
3.432194 71.927361
3.463881 72.926857
3.495568 73.926361
3.527255 74.925858
3.558942 75.925354
3.590629 76.924850
3.622316 77.924347
3.654003 78.923843
3.685690 79.923347
3.717377 80.922844
3.749064 81.922340
3.780751 82.921837
3.812438 83.921333
3.844125 84.920837
3.875812 85.920334
3.907499 86.919830
3.939186 87.919327
3.970873 88.918823
4.002560 89.918320
4.034247 90.917824
4.065934 91.917320
4.097621 92.916817
4.129308 93.916313
4.160995 94.915810
4.192682 95.915314
4.224370 96.914810
4.256056 97.914307
4.287744 98.913803
4.319430 99.913300
4.351118 100.912796
4.382804 101.912300
4.414492 102.911797
4.446178 103.911293
4.477866 104.910789
4.509552 105.910286
4.541240 106.909790
4.572927 107.909286
4.604614 108.908783
4.636301 109.908279
4.667988 110.907776
4.699675 111.907272
4.731362 112.906776
4.763049 113.906273
4.794736 114.905769
4.826423 115.905266
4.858111 116.904793
4.889797 117.904266
4.921484 118.903763
4.953171 119.903259
4.984858 120.902756
5.016546 121.902283
5.048233 122.901779
5.079920 123.901283
5.111607 124.900780
5.143294 125.900276
5.174981 126.899773
5.206668 127.899269
5.238355 128.898773
5.270042 129.898270
5.301729 130.897766
5.333416 131.897263
5.365103 132.896759
5.396394 133.896271
5.419599 134.895981
5.431698 135.895920
5.432684 136.895889
5.422586 137.895859
5.401491 138.895630
5.369455 139.895096
5.326507 140.894180
5.272608 141.892670
5.208005 142.890579
5.132630 143.887741
5.046542 144.884033
4.949735 145.879303
4.842391 146.873535
4.724505 147.866531
4.596107 148.858276
4.457251 149.848587
4.308025 150.837341
4.148524 151.824570
3.978705 152.809998
3.798634 153.793686
3.608455 154.775421
3.408229 155.755157
3.197921 156.732773
2.977622 157.708267
2.747447 158.681381
2.507427 159.652176
2.257587 160.620422
1.998017 161.586090
1.728807 162.549149
1.449986 163.509521
1.161639 164.467010
0.863766 165.421631
0.556516 166.373245
0.239917 167.321808
-0.085971 168.267242
-0.421091 169.209427
-0.765355 170.148300
-1.118671 171.083786
-1.481044 172.015778
-1.852414 172.944275
-2.232629 173.869202
-2.621634 174.790375
-3.019428 175.707870
-3.425924 176.621475
-3.841030 177.531265
-4.264687 178.437103
-4.696840 179.338898
-5.137459 180.236542
-5.586390 181.130127
-6.043575 182.019501
-6.509019 182.904572
-6.982570 183.785309
-7.464228 184.661682
-7.953905 185.533585
-8.451513 186.400925
-8.957049 187.263748
-9.470336 188.121933
-9.991372 188.975479
-10.520102 189.824265
-11.056495 190.668228
-11.600336 191.507416
-12.151661 192.341705
-12.710379 193.171051
-13.276460 193.995438
-13.849755 194.814728
14.000000
