1.325059 -0.070430
1.378062 0.928224
1.431129 1.926773
1.484132 2.925426
1.537198 3.923975
1.590202 4.922629
1.643268 5.921178
1.696282 6.919695
1.749286 7.918349
1.802352 8.916899
1.855355 9.915552
1.908369 10.914070
1.961321 11.912692
2.014387 12.911241
2.067390 13.909895
2.120456 14.908443
2.173408 15.907066
2.226474 16.905615
2.279477 17.904268
2.332544 18.902819
2.385495 19.901440
2.438613 20.900021
2.491617 21.898674
2.544683 22.897223
2.597634 23.895845
2.650701 24.894394
2.703704 25.893047
2.756770 26.891598
2.809722 27.890219
2.862788 28.888769
2.915917 29.887213
2.968920 30.885866
3.021934 31.884384
3.074938 32.883038
3.128004 33.881588
3.181008 34.880241
3.234074 35.878788
3.287077 36.877445
3.340144 37.875992
3.393095 38.874615
3.446098 39.873268
3.499102 40.871922
3.552168 41.870472
3.605171 42.869125
3.658238 43.867672
3.711189 44.866295
3.764255 45.864845
3.817259 46.863499
3.870325 47.862049
3.923328 48.860703
3.976405 49.859116
4.029356 50.857738
4.082423 51.856285
4.135426 52.854939
4.188492 53.853489
4.241507 54.852005
4.294510 55.850658
4.347576 56.849209
4.400579 57.847862
4.453583 58.846516
4.506587 59.845169
4.559653 60.843719
4.612656 61.842373
4.665723 62.840923
4.718726 63.839577
4.771740 64.838097
4.824744 65.836746
4.877810 66.835297
4.930813 67.833946
4.983943 68.832397
5.036946 69.831047
5.089960 70.829567
5.142963 71.828217
5.196030 72.826767
5.249033 73.825424
5.302099 74.823967
5.355103 75.822624
5.408117 76.821144
5.460838 77.819908
5.499344 78.819122
5.515680 79.818977
5.509783 80.818886
5.481465 81.818428
5.429951 82.817017
5.355053 83.814247
5.257095 84.809456
5.135197 85.801971
4.989026 86.791176
4.818674 87.776550
4.623975 88.757423
4.404227 89.732948
4.159315 90.702492
3.889678 91.665314
3.594333 92.620682
3.273081 93.567627
2.926078 94.505531
2.553513 95.433365
2.154360 96.350235
1.728912 97.255165
1.277441 98.147484
0.799612 99.025833
0.294965 99.889091
-0.236061 100.736526
-0.793047 101.566963
-1.376810 102.378914
-1.986869 103.171104
-2.622730 103.942833
-3.284333 104.692574
-3.972033 105.418541
-4.684928 106.119713
-5.422466 106.795288
-6.184646 107.442406
-6.971018 108.060211
-7.780284 108.647484
-8.612025 109.202339
-9.466065 109.722466
-10.340895 110.206772
-11.235070 110.654274
-12.148268 111.061470
-13.079011 111.426964
-14.025322 111.749954
-14.985766 112.028160
-15.958870 112.258064
-16.942286 112.439072
-17.932875 112.575203
-18.920740 112.730057
-19.901623 112.924400
-20.873951 113.157761
-21.836447 113.429184
-22.788004 113.736351
-23.727499 114.078949
-24.653448 114.456146
-25.565346 114.866394
-26.462379 115.308342
-27.343355 115.781418
-28.207380 116.284737
-29.054260 116.816414
-29.883165 117.375679
-30.693237 117.962036
-31.484016 118.573776
-32.255440 119.210091
-33.006668 119.870041
-33.737122 120.553139
-34.446918 121.257454
-35.135643 121.982521
-35.802628 122.727463
-36.447796 123.491333
-37.071293 124.273186
-37.672672 125.072144
-38.251392 125.887550
-38.807919 126.718407
-39.341957 127.563751
-39.853367 128.423096
-40.341808 129.295639
-40.807861 130.180344
-41.251263 131.076645
-41.671684 131.983887
-42.069469 132.901443
-42.444691 133.828247
-42.797337 134.764053
-43.127132 135.708145
-43.434662 136.659622
-43.719894 137.618073
-43.982674 138.582870
-44.223293 139.553558
-44.442017 140.529282
-44.638870 141.509705
-44.813652 142.494278
-44.967026 143.482437
-45.099117 144.473679
-45.209782 145.467529
-45.299252 146.463409
-45.367996 147.461060
-45.416023 148.459885
-45.443253 149.459518
-45.450249 150.459473
-45.437252 151.459320
-45.404240 152.458801
-45.353706 153.457535
-45.300694 154.456055
-45.247692 155.454697
-45.194626 156.453247
-45.141621 157.451904
-45.088608 158.450424
-45.035603 159.449081
-44.982536 160.447632
-44.929470 161.446182
-44.876404 162.444717
-44.823391 163.443237
-44.770386 164.441895
-44.717319 165.440445
-44.664318 166.439102
-44.611252 167.437653
-44.558247 168.436295
-44.505180 169.434845
-44.452114 170.433395
-44.399174 171.432159
-44.346161 172.430679
-44.293156 173.429337
-44.240089 174.427872
14.000000
