0.006591 0.000080
-0.005547 1.000007
-0.017715 1.999917
-0.029884 2.999843
-0.042053 3.999769
-0.054221 4.999695
-0.066359 5.999621
-0.078528 6.999547
-0.090697 7.999474
-0.102865 8.999399
-0.181939 10.004828
-0.194108 11.004755
-0.206277 12.004681
-0.218445 13.004606
-0.230614 14.004533
-0.242783 15.004458
-0.254951 16.004385
-0.267120 17.004311
-0.279288 18.004236
-0.291457 19.004162
-0.303626 20.004089
-0.315794 21.004015
-0.327963 22.003941
-0.340132 23.003866
-0.352300 24.003792
-0.364469 25.003717
-0.376638 26.003645
-0.388806 27.003571
-0.400975 28.003496
-0.413144 29.003422
-0.425312 30.003347
-0.437481 31.003275
-0.449649 32.003201
-0.461818 33.003124
-0.473987 34.003052
-0.486155 35.002979
-0.498324 36.002903
-0.510493 37.002831
-0.522661 38.002754
-0.534830 39.002682
-0.546999 40.002609
-0.559167 41.002533
-0.571336 42.002460
-0.583504 43.002384
-0.595674 44.002342
-0.607842 45.002270
-0.620011 46.002193
-0.632179 47.002090
-0.644348 48.002014
-0.656516 49.001942
-0.668685 50.001869
-0.680854 51.001793
-0.693022 52.001720
-0.705191 53.001644
-0.717360 54.001572
-0.729528 55.001499
-0.741697 56.001423
-0.753865 57.001350
-0.766034 58.001274
-0.778203 59.001202
-0.790371 60.001129
-0.802540 61.001053
-0.814709 62.000980
-0.826877 63.000904
-0.839046 64.000832
-0.851215 65.000755
-0.863383 66.000687
-0.875552 67.000610
-0.887721 68.000534
-0.899889 69.000458
-0.912058 70.000389
-0.924226 71.000313
-0.936395 72.000237
-0.948564 73.000168
-0.960732 74.000092
-0.972901 75.000015
-0.985070 75.999947
-0.997238 76.999870
-1.009407 77.999794
-1.021576 78.999718
-1.033744 79.999649
-1.045913 80.999573
-1.058082 81.999496
-1.070250 82.999428
-1.082419 83.999352
-1.094587 84.999275
-1.106756 85.999199
-1.118925 86.999130
-1.131094 87.999084
-1.143262 88.999008
-1.155431 89.998940
-1.167600 90.998863
-1.179768 91.998787
-1.191937 92.998718
-1.204106 93.998642
-1.216274 94.998566
-1.228443 95.998489
-1.240612 96.998421
-1.252780 97.998344
-1.264949 98.998268
-1.277117 99.998199
-1.289286 100.998123
-1.301455 101.998047
-1.313623 102.997978
-1.325792 103.997902
-1.337961 104.997826
-1.350129 105.997749
-1.362298 106.997681
-1.374467 107.997604
-1.386635 108.997498
-1.398803 109.997429
-1.410972 110.997353
-1.423141 111.997276
-1.435310 112.997231
-1.447478 113.997162
-1.459647 114.997086
-1.471816 115.997009
-1.483984 116.996941
-1.496153 117.996864
-1.508322 118.996788
-1.520490 119.996719
-1.532659 120.996613
-1.544827 121.996536
-1.556996 122.996460
-1.569165 123.996391
-1.581333 124.996315
-1.593502 125.996239
-1.605670 126.996170
-1.617839 127.996094
-1.630008 128.996017
-1.642176 129.995941
-1.654345 130.995865
-1.666514 131.995804
-1.678682 132.995728
-1.690851 133.995651
-1.703020 134.995605
-1.715189 135.995529
-1.727357 136.995453
-1.739526 137.995377
-1.751695 138.995316
-1.763863 139.995239
-1.776032 140.995163
-1.788200 141.995087
-1.800369 142.995010
-1.812538 143.994934
-1.824706 144.994858
-1.836875 145.994797
-1.849044 146.994720
-1.861212 147.994644
-1.873381 148.994568
-1.885550 149.994492
-1.897718 150.994415
-1.909887 151.994354
-1.922055 152.994278
-1.934224 153.994171
-1.946392 154.994095
-1.958561 155.994019
-1.970730 156.993942
-1.982898 157.993866
-1.995067 158.993805
-2.007236 159.993729
-2.019404 160.993652
-2.031573 161.993576
-2.043741 162.993500
-2.055910 163.993423
-2.068079 164.993347
-2.080247 165.993286
-2.092416 166.993210
-2.104585 167.993134
-2.116753 168.993057
-2.128922 169.992981
-2.141091 170.992905
-2.153259 171.992844
-2.165428 172.992767
-2.177597 173.992691
-2.189765 174.992615
-2.201934 175.992538
-2.214103 176.992462
-2.226271 177.992386
-2.238440 178.992325
-2.250608 179.992249
-2.262777 180.992172
-2.274946 181.992126
-2.287115 182.992050
-2.299284 183.991974
-2.311452 184.991898
-2.323621 185.991837
-2.335789 186.991760
-2.347958 187.991684
-2.360127 188.991608
-2.372295 189.991531
-2.384464 190.991455
-2.396633 191.991379
-2.408801 192.991318
-2.420970 193.991241
-2.433138 194.991165
-2.445307 195.991089
-2.457476 196.991013
-2.469644 197.990936
-2.481813 198.990875
14.000000
