-2.965468 0.043691
-2.950736 1.043582
-2.936005 2.043474
-2.921273 3.043365
-2.906541 4.043257
-2.891810 5.043149
-2.877048 6.043039
-2.862316 7.042931
-2.847554 8.042822
-2.832822 9.042713
-2.818121 10.042605
-2.803389 11.042497
-2.788657 12.042388
-2.773926 13.042279
-2.759194 14.042171
-2.744462 15.042063
-2.729700 16.041954
-2.714969 17.041845
-2.700237 18.041721
-2.685506 19.041613
-2.670774 20.041504
-2.656042 21.041395
-2.641311 22.041286
-2.626579 23.041178
-2.611847 24.041069
-2.597116 25.040962
-2.582354 26.040852
-2.567622 27.040743
-2.552860 28.040634
-2.538128 29.040525
-2.523427 30.040419
-2.508695 31.040310
-2.493964 32.040199
-2.479232 33.040092
-2.464500 34.039986
-2.449769 35.039875
-2.435037 36.039768
-2.420305 37.039658
-2.405574 38.039551
-2.390812 39.039440
-2.376080 40.039333
-2.361348 41.039223
-2.346617 42.039116
-2.331885 43.039005
-2.317153 44.038898
-2.302391 45.038788
-2.287659 46.038681
-2.272897 47.038570
-2.258166 48.038464
-2.243464 49.038357
-2.228733 50.038246
-2.214001 51.038139
-2.199270 52.038029
-2.184538 53.037922
-2.169806 54.037811
-2.155075 55.037704
-2.140343 56.037594
-2.125611 57.037487
-2.110880 58.037376
-2.096117 59.037270
-2.081386 60.037159
-2.066654 61.037052
-2.051923 62.036945
-2.037191 63.036835
-2.022459 64.036728
-2.007697 65.036621
-1.992965 66.036507
-1.978234 67.036400
-1.963502 68.036293
-1.948770 69.036186
-1.934008 70.036087
-1.919276 71.035980
-1.904575 72.035873
-1.889844 73.035767
-1.875112 74.035652
-1.860380 75.035545
-1.845649 76.035439
-1.830917 77.035332
-1.816155 78.035225
-1.801423 79.035110
-1.786692 80.035004
-1.771960 81.034897
-1.757228 82.034790
-1.742497 83.034676
-1.727734 84.034569
-1.713003 85.034462
-1.698271 86.034355
-1.683539 87.034241
-1.735541 88.041435
-1.720809 89.041328
-1.706078 90.041222
-1.691346 91.041107
-1.676614 92.041000
-1.661883 93.040894
-1.647151 94.040787
-1.632419 95.040680
-1.617688 96.040565
-1.602956 97.040459
-1.588224 98.040352
-1.573493 99.040245
-1.558761 100.040131
-1.544029 101.040024
-1.529298 102.039917
-1.514566 103.039810
-1.499835 104.039703
-1.485103 105.039589
-1.470371 106.039482
-1.455640 107.039375
-1.440908 108.039268
-1.426176 109.039154
-1.411445 110.039047
-1.396713 111.038940
-1.381981 112.038834
-1.367250 113.038719
-1.352518 114.038612
-1.337786 115.038506
-1.323055 116.038399
-1.308323 117.038292
-1.293591 118.038177
-1.278860 119.038071
-1.264128 120.037994
-1.249396 121.037857
-1.234665 122.037743
-1.219933 123.037636
-1.205202 124.037529
-1.190470 125.037422
-1.175738 126.037315
-1.161006 127.037201
-1.146275 128.037094
-1.131543 129.036987
-1.116812 130.036880
-1.102080 131.036774
-1.087348 132.036667
-1.072617 133.036545
-1.057885 134.036438
-1.043153 135.036331
-1.028422 136.036224
-1.013690 137.036118
-0.998958 138.036011
-0.984227 139.035904
-0.969495 140.035797
-0.954763 141.035690
-0.940032 142.035568
-0.925300 143.035461
-0.910568 144.035355
-0.895837 145.035248
-0.881105 146.035141
-0.866373 147.035034
-0.851642 148.034927
-0.836910 149.034821
-0.822178 150.034714
-0.807447 151.034592
-0.792715 152.034485
-0.777984 153.034348
-0.763252 154.034241
-0.748521 155.034134
-0.733789 156.034027
-0.719057 157.033920
-0.704326 158.033813
-0.689594 159.033737
-0.674862 160.033615
-0.660130 161.033508
-0.645399 162.033401
-0.630667 163.033295
-0.615935 164.033188
-0.601204 165.033081
-0.586472 166.032974
-0.571740 167.032867
-0.557009 168.032761
-0.542277 169.032639
-0.527545 170.032532
-0.512814 171.032425
-0.498082 172.032318
-0.483350 173.032211
-0.468619 174.032104
-0.453887 175.031998
-0.439156 176.031891
-0.424424 177.031769
-0.409692 178.031662
-0.394961 179.031555
-0.380229 180.031448
-0.365497 181.031342
-0.350766 182.031235
-0.336034 183.031128
-0.321302 184.031021
-0.306571 185.030914
-0.291839 186.030792
-0.277108 187.030655
-0.262376 188.030579
-0.247644 189.030472
-0.232912 190.030365
-0.218181 191.030258
-0.203449 192.030151
-0.188717 193.030045
-0.173986 194.029938
-0.159254 195.029816
-0.144522 196.029709
-0.129791 197.029602
-0.115059 198.029495
-0.100327 199.029388
14.000000
