3.655298 0.066495
3.637091 1.066313
3.618933 2.066167
3.600726 3.065985
3.582568 4.065839
3.564361 5.065658
3.546204 6.065512
3.528046 7.065366
3.509839 8.065184
3.491681 9.065038
3.473474 10.064857
3.455317 11.064711
3.437110 12.064528
3.418952 13.064383
3.400745 14.064200
3.382587 15.064054
3.364430 16.063910
3.346223 17.063726
3.328052 18.063496
3.309844 19.063314
3.291687 20.063168
3.273480 21.062986
3.255273 22.062805
3.237115 23.062658
3.218908 24.062477
3.200751 25.062332
3.182544 26.062149
3.164386 27.062004
3.146228 28.061857
3.128071 29.061712
3.109864 30.061529
3.091656 31.061348
3.073499 32.061203
3.055292 33.061020
3.037134 34.060875
3.018927 35.060692
3.000770 36.060547
2.982527 37.060413
2.964369 38.060268
2.946162 39.060085
2.928004 40.059940
2.909797 41.059761
2.891590 42.059578
2.873433 43.059433
2.855226 44.059250
2.837068 45.059105
2.818861 46.058922
2.800703 47.058777
2.782496 48.058594
2.764338 49.058449
2.746132 50.058266
2.727925 51.058086
2.709767 52.057938
2.691560 53.057758
2.673402 54.057610
2.655195 55.057430
2.637074 56.057236
2.618866 57.057053
2.600709 58.056908
2.582502 59.056725
2.564380 60.056530
2.546173 61.056347
2.528015 62.056202
2.509808 63.056019
2.491651 64.055878
2.473444 65.055695
2.455286 66.055550
2.437079 67.055367
2.418921 68.055222
2.400714 69.055038
2.382507 70.054855
2.364350 71.054710
2.346143 72.054527
2.327949 73.054428
2.309742 74.054253
2.291584 75.054100
2.273377 76.053925
2.255220 77.053772
2.237013 78.053596
2.218855 79.053452
2.200648 80.053268
2.182490 81.053123
2.164283 82.052940
2.146126 83.052795
2.127919 84.052612
2.109761 85.052467
2.091518 86.052330
2.073360 87.052185
2.055153 88.052002
2.036996 89.051857
2.018789 90.051674
2.000631 91.051529
1.982424 92.051346
1.964266 93.051201
1.946059 94.051025
1.927938 95.050827
1.909731 96.050644
1.891573 97.050499
1.873366 98.050316
1.855208 99.050171
1.837001 100.049988
1.818844 101.049843
1.800637 102.049660
1.782479 103.049515
1.764272 104.049332
1.746065 105.049149
1.727907 106.049004
1.709700 107.048828
1.691579 108.048630
1.673372 109.048447
1.655214 110.048302
1.637007 111.048119
1.618849 112.047974
1.600642 113.047791
1.582484 114.047646
1.564278 115.047462
1.546120 116.047318
1.527913 117.047134
1.509755 118.046989
1.491548 119.046806
1.473391 120.046661
1.455184 121.046478
1.437026 122.046333
1.418819 123.046150
1.400661 124.046005
1.382454 125.045830
1.364261 126.045731
1.346054 127.045547
1.327896 128.045395
1.309689 129.045227
1.291531 130.045074
1.273324 131.044891
1.255167 132.044754
1.236960 133.044571
1.218802 134.044418
1.200595 135.044235
1.182437 136.044098
1.164230 137.043915
1.146073 138.043762
1.127866 139.043579
1.109659 140.043396
1.091501 141.043259
1.073294 142.043076
1.055136 143.042923
1.036929 144.042740
1.018772 145.042603
1.000565 146.042419
0.982407 147.042267
0.964200 148.042084
0.946042 149.041946
0.927835 150.041763
0.909678 151.041611
0.891470 152.041428
0.873313 153.041290
0.855106 154.041107
0.836948 155.040955
0.818741 156.040771
0.800583 157.040634
0.782376 158.040451
0.764219 159.040298
0.746012 160.040131
0.727890 161.039932
0.709683 162.039749
0.691525 163.039597
0.673318 164.039413
0.655197 165.039230
0.636990 166.039047
0.618832 167.038895
0.600625 168.038712
0.582467 169.038574
0.564260 170.038391
0.546103 171.038239
0.527896 172.038055
0.509738 173.037918
0.491531 174.037735
0.473324 175.037552
0.455166 176.037399
0.436959 177.037216
0.418766 178.037125
0.400559 179.036942
0.382401 180.036804
0.364194 181.036621
0.346036 182.036469
0.327829 183.036285
0.309672 184.036148
0.291465 185.035965
0.273307 186.035812
0.255100 187.035629
0.236942 188.035492
0.218735 189.035309
0.200578 190.035156
0.182335 191.035019
0.164177 192.034882
0.145970 193.034698
0.127812 194.034546
0.109605 195.034378
0.102913 196.034348
0.121135 197.034088
0.164374 198.033188
0.232559 199.030869
14.000000
