-2.066276 0.020295
-2.056416 1.020360
-2.046600 2.020309
-2.036768 3.020254
-2.026937 4.020200
-2.017120 5.020149
-2.007288 6.020095
-1.997472 7.020044
-1.987640 8.019990
-1.977809 9.019936
-1.968021 10.019766
-1.958189 11.019711
-1.948358 12.019657
-1.938541 13.019607
-1.928710 14.019552
-1.918878 15.019498
-1.909062 16.019447
-1.899230 17.019392
-1.889399 18.019339
-1.879582 19.019287
-1.869722 20.019352
-1.859891 21.019360
-1.850059 22.019306
-1.840228 23.019251
-1.830411 24.019201
-1.820580 25.019146
-1.810748 26.019093
-1.800932 27.019041
-1.791100 28.018986
-1.781269 29.018932
-1.771466 30.018822
-1.761621 31.018827
-1.751789 32.018772
-1.741972 33.018723
-1.732141 34.018669
-1.722324 35.018616
-1.712493 36.018562
-1.702661 37.018509
-1.692845 38.018456
-1.683013 39.018402
-1.673182 40.018349
-1.663365 41.018299
-1.653534 42.018242
-1.643702 43.018188
-1.633885 44.018139
-1.624040 45.018143
-1.614208 46.018089
-1.604391 47.018036
-1.594560 48.017982
-1.584729 49.017929
-1.574912 50.017879
-1.565080 51.017822
-1.555264 52.017773
-1.545432 53.017719
-1.535601 54.017666
-1.525784 55.017612
-1.515953 56.017559
-1.506121 57.017506
-1.496305 58.017452
-1.486459 59.017460
-1.476627 60.017403
-1.466811 61.017353
-1.456979 62.017300
-1.447163 63.017250
-1.437331 64.017197
-1.427500 65.017143
-1.417683 66.017090
-1.407851 67.017036
-1.398020 68.016983
-1.388203 69.016930
-1.378372 70.016876
-1.368526 71.016876
-1.358709 72.016830
-1.348878 73.016777
-1.339046 74.016724
-1.329230 75.016670
-1.319398 76.016617
-1.309582 77.016563
-1.299750 78.016510
-1.289919 79.016457
-1.280102 80.016403
-1.270270 81.016350
-1.260439 82.016296
-1.250622 83.016243
-1.240791 84.016190
-1.230945 85.016197
-1.221128 86.016144
-1.211297 87.016090
-1.201480 88.016037
-1.191649 89.015984
-1.181817 90.015930
-1.172001 91.015877
-1.162169 92.015823
-1.152338 93.015770
-1.142521 94.015724
-1.132690 95.015663
-1.122858 96.015610
-1.113041 97.015564
-1.103196 98.015564
-1.093379 99.015518
-1.083547 100.015465
-1.073716 101.015404
-1.063899 102.015358
-1.054068 103.015305
-1.044236 104.015244
-1.034420 105.015198
-1.024588 106.015144
-1.014757 107.015091
-1.004940 108.015038
-0.995109 109.014984
-0.985277 110.014931
-0.975446 111.014938
-0.965615 112.014885
-0.955798 113.014832
-0.945967 114.014778
-0.936135 115.014725
-0.926318 116.014671
-0.916487 117.014618
-0.906655 118.014565
-0.896839 119.014511
-0.887007 120.014458
-0.877176 121.014404
-0.867359 122.014351
-0.857528 123.014297
-0.847682 124.014305
-0.837865 125.014252
-0.828034 126.014198
-0.818217 127.014145
-0.808386 128.014099
-0.798562 129.014038
-0.788730 130.013992
-0.778906 131.013931
-0.769082 132.013885
-0.759251 133.013824
-0.749426 134.013779
-0.739602 135.013718
-0.729778 136.013672
-0.719933 137.013672
-0.710108 138.013626
-0.700284 139.013565
-0.690453 140.013519
-0.680629 141.013458
-0.670805 142.013412
-0.660981 143.013351
-0.651149 144.013306
-0.641325 145.013245
-0.631501 146.013199
-0.621670 147.013138
-0.611846 148.013092
-0.602022 149.013031
-0.592183 150.013046
-0.582352 151.012985
-0.572528 152.012939
-0.562703 153.012878
-0.552879 154.012833
-0.543048 155.012772
-0.533224 156.012726
-0.523400 157.012665
-0.513568 158.012619
-0.503744 159.012558
-0.493920 160.012512
-0.484096 161.012466
-0.474265 162.012405
-0.464426 163.012405
-0.454602 164.012360
-0.444771 165.012299
-0.434947 166.012253
-0.425123 167.012207
-0.415299 168.012146
-0.405467 169.012100
-0.395643 170.012039
-0.385819 171.011993
-0.375987 172.011932
-0.366163 173.011887
-0.356339 174.011826
-0.346515 175.011780
-0.336669 176.011780
-0.326845 177.011734
-0.317021 178.011673
-0.307197 179.011627
-0.297366 180.011566
-0.287542 181.011520
-0.277718 182.011459
-0.267886 183.011414
-0.258062 184.011353
-0.248238 185.011307
-0.238414 186.011246
-0.228582 187.011200
-0.218758 188.011139
-0.208920 189.011154
-0.199096 190.011093
-0.189272 191.011047
-0.179448 192.010986
-0.169624 193.010941
-0.159800 194.010895
-0.149976 195.010834
-0.140152 196.010788
-0.130320 197.010727
-0.120496 198.010681
-0.110665 199.010620
14.000000
