-2.035405 -0.058303
-2.064064 0.941282
-2.092722 1.940867
-2.121377 2.940451
-2.150036 3.940036
-2.178683 4.939681
-2.207338 5.939265
-2.235996 6.938850
-2.264655 7.938435
-2.293310 8.938019
-2.321968 9.937604
-2.350627 10.937189
-2.379282 11.936772
-2.407940 12.936357
-2.436599 13.935943
-2.465254 14.935527
-2.493913 15.935112
-2.522571 16.934696
-2.551230 17.934282
-2.579885 18.933867
-2.608531 19.933510
-2.637190 20.933096
-2.665845 21.932680
-2.694504 22.932264
-2.723162 23.931849
-2.751805 24.931494
-2.780464 25.931078
-2.809122 26.930662
-2.837777 27.930246
-2.866436 28.929832
-2.895094 29.929417
-2.923749 30.929001
-2.952408 31.928587
-2.981067 32.928169
-3.009722 33.927753
-3.038380 34.927341
-3.067039 35.926926
-3.095697 36.926510
-3.124352 37.926094
-3.152999 38.925739
-3.181658 39.925323
-3.210312 40.924908
-3.238971 41.924492
-3.267630 42.924076
-3.296273 43.923721
-3.324931 44.923306
-3.353590 45.922890
-3.382245 46.922474
-3.410903 47.922062
-3.439562 48.921646
-3.468217 49.921230
-3.496876 50.920815
-3.525534 51.920399
-3.554189 52.919983
-3.582848 53.919567
-3.611506 54.919155
-3.640163 55.918739
-3.668820 56.918324
-3.697477 57.917908
-3.726135 58.917492
-3.754792 59.917076
-3.783443 60.916691
-3.812101 61.916275
-3.840758 62.915859
-3.869415 63.915443
-3.898073 64.915031
-3.926724 65.914642
-3.955381 66.914230
-3.984040 67.913811
-4.012696 68.913399
-4.041353 69.912979
-4.070006 70.912598
-4.098662 71.912178
-4.127321 72.911766
-4.155978 73.911354
-4.184635 74.910934
-4.213292 75.910522
-4.241950 76.910103
-4.270607 77.909691
-4.299258 78.909302
-4.327916 79.908890
-4.356573 80.908470
-4.385231 81.908058
-4.413888 82.907646
-4.442545 83.907227
-4.471202 84.906815
-4.499861 85.906395
-4.528517 86.905983
-4.557174 87.905563
-4.585833 88.905151
-4.614490 89.904732
-4.643142 90.904350
-4.671799 91.903938
-4.700456 92.903519
-4.729115 93.903107
-4.757771 94.902687
-4.786428 95.902275
-4.815086 96.901855
-4.843743 97.901443
-4.872394 98.901054
-4.901052 99.900642
-4.929709 100.900230
-4.958366 101.899811
-4.987025 102.899399
-5.015676 103.899010
-5.044333 104.898598
-5.072991 105.898178
-5.101648 106.897766
-5.130304 107.897346
-5.158957 108.896965
-5.187614 109.896545
-5.216270 110.896133
-5.244929 111.895721
-5.273586 112.895302
-5.302243 113.894890
-5.330901 114.894470
-5.359558 115.894058
-5.388209 116.893669
-5.416868 117.893257
-5.445524 118.892838
-5.474181 119.892426
-5.502840 120.892006
-5.531497 121.891594
-5.558640 122.891220
-5.560585 123.891167
-5.529202 124.890640
-5.464525 125.888504
-5.366397 126.883598
-5.234009 127.874741
-5.067349 128.860718
-4.866615 129.840302
-4.631609 130.812256
-4.361692 131.775085
-4.057196 132.727524
-3.718471 133.668411
-3.345246 134.596069
-2.937338 135.509018
-2.495326 136.405975
-2.019773 137.285599
-1.510321 138.146027
-0.967379 138.985718
-0.391788 139.803391
0.215783 140.597580
0.855430 141.366135
1.526249 142.107681
2.227085 142.820877
2.957212 143.504166
3.716189 144.155167
4.502656 144.772690
5.315147 145.355499
6.152767 145.901627
7.014411 146.408951
7.898297 146.876480
8.802640 147.303146
9.726183 147.686356
10.667108 148.024704
11.623222 148.317368
12.592421 148.563278
13.572811 148.759827
14.561934 148.906128
15.557234 149.001846
16.556171 149.045792
17.555992 149.035645
18.553806 148.971420
19.546684 148.853256
20.531361 148.679672
21.504366 148.449493
22.462461 148.163528
23.402418 147.822601
24.319881 147.425186
25.211008 146.971786
26.072374 146.464127
26.900326 145.903580
27.689440 145.289658
28.435898 144.624496
29.136391 143.911102
29.802313 143.165100
30.466784 142.417770
31.131258 141.670471
31.795727 140.923141
32.460201 140.175842
33.124672 139.428513
33.789150 138.681198
34.453625 137.933899
35.118099 137.186600
35.782570 136.439270
36.447044 135.691971
37.111519 134.944672
37.776001 134.197372
38.440468 133.450027
39.104942 132.702728
39.769413 131.955399
40.433887 131.208099
41.098358 130.460770
41.762833 129.713470
42.427311 128.966171
43.091782 128.218826
43.756252 127.471535
44.420731 126.724228
45.085201 125.976929
14.000000
