1.185805 -0.037606
1.217503 0.961892
1.249200 1.961389
1.280898 2.960887
1.312595 3.960384
1.344293 4.959882
1.375990 5.959379
1.407688 6.958877
1.439385 7.958375
1.471083 8.957871
1.502780 9.957370
1.534478 10.956867
1.566176 11.956395
1.597874 12.955893
1.629571 13.955390
1.661269 14.954887
1.692966 15.954385
1.724664 16.953882
1.756361 17.953381
1.788058 18.952847
1.819755 19.952345
1.851453 20.951841
1.883150 21.951340
1.914848 22.950838
1.946545 23.950335
1.978243 24.949833
2.009941 25.949329
2.041638 26.948828
2.073336 27.948324
2.105033 28.947823
2.136731 29.947321
2.168427 30.946787
2.200125 31.946285
2.231822 32.945782
2.263520 33.945278
2.295217 34.944778
2.326915 35.944275
2.358612 36.943771
2.390311 37.943302
2.422008 38.942799
2.453706 39.942295
2.485403 40.941792
2.517101 41.941292
2.548798 42.940788
2.580496 43.940285
2.612193 44.939781
2.643891 45.939281
2.675588 46.938778
2.707286 47.938274
2.738983 48.937775
2.770681 49.937271
2.802378 50.936768
2.834076 51.936264
2.865773 52.935764
2.897471 53.935261
2.929168 54.934757
2.960866 55.934258
2.992563 56.933754
3.024261 57.933250
3.055959 58.932747
3.087657 59.932278
3.119354 60.931774
3.151052 61.931271
3.182750 62.930771
3.214447 63.930267
3.246145 64.929764
3.277842 65.929260
3.309540 66.928757
3.341237 67.928253
3.372935 68.927757
3.404632 69.927254
3.436330 70.926750
3.468027 71.926247
3.499725 72.925743
3.531422 73.925240
3.563120 74.924736
3.594817 75.924240
3.626515 76.923737
3.658212 77.923233
3.689910 78.922729
3.721607 79.922226
3.753305 80.921722
3.785002 81.921219
3.816700 82.920723
3.848397 83.920219
3.880095 84.919716
3.911792 85.919212
3.943489 86.918678
3.975186 87.918175
4.006884 88.917671
4.038581 89.917175
4.070279 90.916672
4.101976 91.916168
4.133674 92.915665
4.165371 93.915161
4.197069 94.914658
4.228766 95.914154
4.260464 96.913658
4.292161 97.913155
4.323859 98.912651
4.355556 99.912148
4.387254 100.911644
4.418952 101.911140
4.450649 102.910637
4.482347 103.910172
4.514045 104.909668
4.545743 105.909164
4.577440 106.908661
4.609138 107.908157
4.640835 108.907654
4.672533 109.907150
4.704230 110.906654
4.735928 111.906151
4.767625 112.905647
4.799323 113.905144
4.831020 114.904640
4.862718 115.904137
4.894415 116.903633
4.926113 117.903137
4.957810 118.902634
4.989508 119.902130
5.021205 120.901627
5.052903 121.901123
5.084600 122.900620
5.116298 123.900116
5.147995 124.899612
5.179693 125.899117
5.211390 126.898613
5.243088 127.898109
5.274785 128.897614
5.306483 129.897110
5.338180 130.896606
5.369878 131.896103
5.400782 132.895615
5.422749 133.895401
5.433605 134.895309
5.433381 135.895309
5.422041 136.895248
5.399734 137.894989
5.366487 138.894440
5.322324 139.893448
5.267245 140.891907
5.201428 141.889740
5.124870 142.886780
5.037567 143.882965
4.939607 144.878143
4.831079 145.872223
4.712038 146.865082
4.582485 147.856689
4.442473 148.846786
4.292095 149.835449
4.131435 150.822433
3.960493 151.807709
3.779295 152.791183
3.587990 153.772720
3.386636 154.752182
3.175232 155.729599
2.953866 156.704819
2.722563 157.677658
2.481475 158.648132
2.230539 159.616165
1.969869 160.581512
1.699592 161.544312
1.419732 162.504349
1.130318 163.461563
0.831376 164.415863
0.523118 165.367142
0.205480 166.315369
-0.121418 167.260422
-0.457579 168.202209
-0.802822 169.140686
-1.157147 170.075851
-1.520531 171.007446
-1.892880 171.935547
-2.274077 172.860031
-2.664060 173.780869
-3.062836 174.697906
-3.470282 175.611115
-3.886339 176.520462
-4.310919 177.425781
-4.744021 178.327179
-5.185592 179.224380
-5.635414 180.117493
-6.093522 181.006363
-6.559888 181.890976
-7.034331 182.771210
-7.516880 183.647110
-8.007420 184.518509
-8.505951 185.385330
-9.012320 186.247635
-9.526466 187.105377
-10.048368 187.958344
-10.577990 188.806610
-11.115153 189.650055
-11.659858 190.488724
-12.211987 191.322433
-12.771537 192.151260
-13.338421 192.975067
-13.912519 193.793839
-14.493799 194.607529
14.000000
