1.338140 -0.071174
1.391183 0.927478
1.444235 1.925994
1.497277 2.924645
1.550382 3.923192
1.603425 4.921844
1.656530 5.920391
1.709572 6.919043
1.762677 7.917590
1.815667 8.916210
1.868772 9.914757
1.921761 10.913378
1.974866 11.911924
2.027856 12.910544
2.080961 13.909092
2.134003 14.907743
2.187108 15.906290
2.240161 16.904806
2.293203 17.903458
2.346308 18.902004
2.399350 19.900656
2.452455 20.899204
2.505497 21.897856
2.558602 22.896402
2.611645 23.895054
2.664697 24.893570
2.717739 25.892221
2.770844 26.890768
2.823886 27.889420
2.876939 28.887936
2.930044 29.886482
2.983149 30.885029
3.036191 31.883680
3.089296 32.882229
3.142286 33.880848
3.195391 34.879395
3.248433 35.878048
3.301538 36.876595
3.354580 37.875244
3.407685 38.873795
3.460665 39.872551
3.513717 40.871063
3.566822 41.869614
3.619864 42.868263
3.672969 43.866810
3.726012 44.865463
3.779117 45.864010
3.832106 46.862629
3.885211 47.861176
3.938264 48.859692
3.991369 49.858238
4.044411 50.856892
4.097464 51.855408
4.150506 52.854057
4.203611 53.852604
4.256653 54.851257
4.309706 55.849773
4.362748 56.848423
4.415853 57.846970
4.468884 58.845760
4.521937 59.844273
4.574979 60.842926
4.628084 61.841473
4.681127 62.840126
4.734231 63.838673
4.787336 64.837219
4.840326 65.835838
4.893431 66.834389
4.946474 67.833038
4.999641 68.831482
5.052683 69.830132
5.105788 70.828682
5.158831 71.827332
5.211883 72.825844
5.264925 73.824501
5.318030 74.823044
5.371072 75.821693
5.424178 76.820244
5.475398 77.819084
5.508563 78.818481
5.519516 79.818359
5.508183 80.818253
5.474335 81.817596
5.417071 82.815987
5.336664 83.812737
5.232987 84.807343
5.105162 85.799133
4.953125 86.787506
4.776981 87.771805
4.576227 88.751457
4.350383 89.725586
4.099500 90.693527
3.823673 91.654755
3.522063 92.608063
3.194493 93.552917
2.841361 94.488419
2.462404 95.413696
2.056880 96.327736
1.625072 97.229698
1.167313 98.118813
0.682955 98.993530
0.171840 99.853050
-0.365465 100.696434
-0.928930 101.522552
-1.519142 102.329788
-2.135471 103.117088
-2.777480 103.883713
-3.445512 104.627747
-4.139402 105.347740
-4.858321 106.042885
-5.601831 106.711754
-6.370017 107.351875
-7.162038 107.962318
-7.976663 108.541985
-8.813984 109.088524
-9.673196 109.600021
-10.552801 110.075508
-11.451714 110.513641
-12.369324 110.910820
-13.304021 111.265999
-14.253838 111.578514
-15.217591 111.845085
-16.193386 112.063156
-17.178879 112.232132
-18.169872 112.365784
-19.156172 112.530296
-20.135098 112.734245
-21.105135 112.977119
-22.065075 113.257507
-23.013783 113.573395
-23.950083 113.924484
-24.872656 114.309998
-25.781031 114.728081
-26.674143 115.177673
-27.551016 115.658211
-28.410919 116.168724
-29.253475 116.707146
-30.077835 117.273132
-30.883163 117.865776
-31.669249 118.483765
-32.435841 119.125977
-33.182003 119.791550
-33.907421 120.480095
-34.612000 121.189545
-35.295483 121.919472
-35.957161 122.669174
-36.597015 123.437668
-37.215103 124.223618
-37.810966 125.026749
-38.384148 125.846054
-38.935165 126.680496
-39.463749 127.529396
-39.969517 128.391983
-40.452469 129.267685
-40.912960 130.155304
-41.350739 131.054398
-41.765514 131.964172
-42.157795 132.884003
-42.527519 133.813110
-42.874538 134.751007
-43.198803 135.696991
-43.500904 136.650284
-43.780636 137.610306
-44.037968 138.576660
-44.273170 139.548599
-44.486526 140.525528
-44.677940 141.506927
-44.847450 142.492508
-44.995529 143.481400
-45.122379 144.473358
-45.227795 145.467773
-45.312168 146.464127
-45.375809 147.462112
-45.418720 148.461136
-45.440941 149.460907
-45.442966 150.460831
-45.425064 151.460754
-45.387177 152.459991
-45.334732 153.458572
-45.281693 154.457230
-45.228638 155.455734
-45.175533 156.454285
-45.122490 157.452942
-45.069386 158.451492
-45.016396 159.450104
-44.963291 160.448654
-44.910248 161.447311
-44.857082 162.445740
-44.804039 163.444397
-44.750935 164.442947
-44.697830 165.441498
-44.644840 166.440109
-44.591736 167.438660
-44.538692 168.437317
-44.485588 169.435852
-44.432545 170.434509
-44.379501 171.433167
-44.326462 172.431808
-44.273407 173.430328
-44.220303 174.428879
14.000000
